197
3504 20
3907 14089 63175 83265 78980 226 6294 50923 34219 66285 14251 56345 3970 67044 40002 30714 32922 88425 97137 70743 
0 13
45608 94192 70546 4346 45948 94356 6990 91997 82022 30723 96767 1599 88544 
1 3
19 966 53538 
2 19
30294 64718 22277 51943 75323 26185 43193 89494 81515 94334 4989 50324 54693 57868 36109 32904 4770 88985 13706 
3 3
18 1000 27830 
4 18
99122 81548 95109 7100 35387 2833 88815 16023 29805 59105 70856 96619 70281 86566 85500 11192 9041 81874 
5 3
14 276 8039 
6 14
49233 54205 19769 93556 4982 43193 23414 28715 1441 75988 68679 6008 92770 73436 
7 3
12 869 717 
8 12
88055 84490 39112 16808 75782 24927 14116 89089 3437 50423 7521 7431 
9 3
16 105 17003 
10 16
31929 32713 47081 83777 14459 30091 69906 62891 34776 86009 98759 70553 90613 48874 41431 85820 
11 3
15 807 65258 
12 15
47182 46 2535 32000 78614 27899 8469 76192 92011 7756 27549 52588 40065 76032 1006 
13 3
20 737 46446 
14 20
37050 47086 22656 27984 79184 70688 37092 40419 32082 21142 12603 71696 95812 17095 84296 63360 87022 37266 90821 50744 
15 3
12 278 67429 
16 12
71854 47723 53591 82683 44699 6488 9995 55075 29784 26670 28843 16557 
17 3
19 400 1890 
18 19
90178 64402 32264 35949 95375 91115 73654 38744 18888 23584 51373 15538 75171 31528 72742 21205 83380 83907 67053 
19 3
10 556 67120 
20 10
42576 36199 2967 40578 25447 38822 24649 77591 12532 14256 
21 3
18 957 62301 
22 18
27005 36879 97198 70210 38257 51837 87231 8607 4869 29132 73881 46556 74826 82602 58221 77382 83794 67649 
23 3
13 970 14162 
24 13
45929 23189 16384 14869 20226 42296 19620 37212 34570 74644 4986 79461 3072 
25 3
16 627 20356 
26 16
34910 92709 80223 25167 33975 84405 46105 22579 80593 59458 14748 292 90680 65060 54831 19001 
27 3
16 245 63036 
28 16
57106 86966 79169 92796 27676 29824 70476 10793 33620 24976 7166 46235 55357 36842 12947 42278 
29 3
14 177 94717 
30 14
12330 97244 34990 8913 2196 83108 29618 17740 23394 21436 17745 59740 1051 81548 
31 3
18 162 46413 
32 18
40720 59477 86246 45051 46573 14484 79317 12081 19163 80933 31044 65538 66289 46212 78933 45060 69365 21273 
33 3
11 339 27619 
34 11
45853 51970 16957 44591 29228 7594 260 96442 25571 55850 72496 
35 3
14 11 71559 
36 14
73308 55842 52255 52395 74997 74125 56601 80302 35169 69057 64396 98878 29586 75224 
37 3
20 455 55556 
38 20
34109 45938 53043 53181 50289 57153 31923 54031 10987 41297 84320 289 82303 84845 77516 62074 59697 33832 2596 15417 
39 3
18 160 3241 
40 18
60514 37314 21904 99671 92494 54544 6642 54112 83263 17453 82710 88220 70902 45286 46404 79689 68344 56269 
41 3
11 825 25608 
42 11
12190 35891 68435 12966 81905 47189 49514 3458 26628 64318 90246 
43 3
12 774 59197 
44 12
92610 82744 82315 93602 28374 72092 44960 52246 75945 22817 61262 2491 
45 3
15 511 90303 
46 15
30360 26317 79922 47054 41636 26113 21213 89639 33589 37676 51430 74428 22914 33117 98955 
47 3
20 346 20563 
48 20
67938 77741 37301 17724 62132 33209 47774 29104 44558 68370 264 480 1864 88984 46348 51615 79114 46741 90615 38835 
49 3
13 63 23399 
50 13
28562 16523 79583 69060 8959 97951 26816 14449 87370 87786 60620 5898 31263 
51 3
11 256 2705 
52 11
55793 33647 28825 57812 18513 79353 89591 31193 38644 36834 21296 
53 3
11 965 85347 
54 11
62977 31660 4210 16616 60997 68826 6037 26450 47183 28774 60124 
55 3
16 522 72571 
56 16
15591 97303 89282 6372 4816 93781 95507 4431 73030 60398 3516 8020 85083 31037 78067 90587 
57 3
18 46 48077 
58 18
69361 80532 50056 99675 23600 12708 69534 33336 80009 93750 77682 68449 68691 66311 97733 77350 33042 55674 
59 3
10 613 18629 
60 10
18368 77688 60328 20501 38354 82894 2933 8490 79533 56455 
61 3
14 986 81293 
62 14
62359 13425 76529 41476 81525 72520 93376 22987 54387 82457 17547 27105 79809 51917 
63 3
10 324 4853 
64 10
41228 93731 38606 34352 97929 80734 90270 20014 60474 50751 
65 3
13 986 57152 
66 13
79505 14856 92382 34019 37618 16578 65864 52455 67446 30297 68835 21653 69331 
67 3
15 80 24312 
68 15
27800 37051 58167 95869 97750 6351 83619 22903 94768 78776 54026 89682 66243 88521 34868 
69 3
10 590 2016 
70 10
14697 7718 38402 52920 16035 34846 45746 17816 39949 23008 
71 3
20 611 25823 
72 20
99462 26631 89878 30060 43003 18738 78426 38217 63319 19921 35593 46868 59274 73880 26656 99914 95899 2357 25237 77963 
73 3
15 865 53686 
74 15
48474 47505 84584 56840 72497 87774 5214 45921 51214 27304 23993 75287 49544 35308 72136 
75 3
15 143 8862 
76 15
92416 61902 45134 96167 40183 42521 21768 5620 40728 734 21305 51190 97654 10335 8915 
77 3
10 453 56933 
78 10
42324 81581 75554 6160 83488 52877 70955 51883 80241 40361 
79 3
18 621 93643 
80 18
74784 71595 32351 56150 96238 55044 35481 18317 80961 72243 36966 2068 10041 48977 2214 54496 67314 54819 
81 3
14 962 13259 
82 14
98655 96798 14650 48148 86914 12876 81687 48005 94664 3373 23935 55220 7546 45821 
83 3
15 228 93941 
84 15
10211 65467 64401 27005 8725 89954 83940 93173 5504 75467 37126 4919 29654 75269 72038 
85 3
14 590 94685 
86 14
39292 12029 80189 34357 28951 17070 5579 1300 54371 40922 85041 76079 84667 84351 
87 3
10 341 49347 
88 10
42450 44184 99995 41077 42293 5774 68663 55186 47089 70619 
89 3
19 544 30606 
90 19
98282 58149 98809 74095 20500 5047 10583 70497 48991 64975 4932 93604 57568 26758 54179 85937 75469 21814 48669 
91 3
12 336 51332 
92 12
91066 17495 70560 86148 74102 1130 49565 2364 60840 96398 32725 10254 
93 3
14 410 67386 
94 14
88949 75264 13417 98468 20888 27863 56843 31594 37406 40678 73541 82166 13740 2269 
95 3
13 195 52262 
96 13
25194 35013 83383 22992 58936 54540 36919 20457 97064 60186 18532 67080 23765 
97 3
16 872 60081 
98 16
85191 70836 99402 88974 3282 11201 91945 40180 50600 88738 79071 26234 35301 54114 26899 81299 
99 3
13 616 57214 
100 13
84778 42774 29395 17550 18611 75002 16855 39797 68416 61638 25630 41246 10110 
101 3
15 557 64302 
102 15
1232 94821 24139 30233 56863 46326 45737 84968 29380 41132 7612 21756 44207 80425 86536 
103 3
19 368 27985 
104 19
69736 97294 79254 83658 58885 27381 18026 58568 81132 47297 66143 78912 81158 79233 97618 36808 82886 99295 42359 
105 3
11 10 3022 
106 11
61098 27198 2478 60488 1061 19871 70968 67042 45897 42293 56156 
107 3
16 285 99874 
108 16
81349 24468 1443 66803 49211 30585 67037 13920 42403 16396 25896 84312 97254 72890 50638 52778 
109 3
20 634 33383 
110 20
462 49673 44334 30930 52714 2172 79878 30150 88825 12794 34149 13647 2612 68662 88101 54182 86566 37240 95128 26334 
111 3
15 691 22245 
112 15
41616 23611 80656 28047 10723 73709 44576 41258 50165 98966 73146 5487 84270 1975 38063 
113 3
15 594 22027 
114 15
8238 15748 73651 28989 14344 51330 4593 61102 45617 86607 94422 38013 64713 65665 8335 
115 3
15 240 94512 
116 15
4043 73007 94469 44540 82981 38991 86222 17962 76612 45516 20337 54095 92131 26116 29746 
117 3
11 688 5073 
118 11
26167 87610 31296 93898 50747 92948 31042 67259 11293 25403 31352 
119 3
18 917 10637 
120 18
83752 46319 82467 28871 49316 52034 5746 56812 59363 72477 5240 70657 17013 8637 40806 94087 69273 48671 
121 3
16 50 30125 
122 16
26401 30734 81777 91434 10448 74641 91850 17897 38128 4280 83635 78493 26630 270 99911 22628 
123 3
13 717 39582 
124 13
25446 38034 55153 88391 74295 19676 65506 50224 50167 24209 34883 32276 33960 
125 3
17 302 23995 
126 17
45240 93113 92940 63248 21716 23223 34920 77140 25008 57221 25965 16242 33416 28879 88126 55968 30165 
127 3
12 753 49620 
128 12
11463 24964 76638 25621 67599 63368 96345 60687 71728 49651 60409 13012 
129 3
14 877 17337 
130 14
4722 21926 57130 38511 59303 90454 44760 17981 18896 24590 36630 38890 53992 57220 
131 3
15 732 54156 
132 15
61868 15998 54391 13197 83824 56934 69045 26607 11335 77667 22348 49758 70205 55593 72416 
133 3
20 464 97743 
134 20
8420 56251 70823 43389 3776 38474 17819 23088 19160 96609 66461 53171 29957 13875 78606 10379 97315 80138 43532 97380 
135 3
13 961 2394 
136 13
66584 33438 62543 10197 31459 57548 79229 73468 8566 85163 5298 94481 35280 
137 3
13 41 99846 
138 13
92147 35067 52387 86023 61389 24952 5808 51531 11810 68154 65739 84681 61912 
139 3
10 381 36255 
140 10
76432 71576 6291 83527 31812 64567 23731 9993 29436 26928 
141 3
11 172 12442 
142 11
75318 6349 65594 75600 85486 74881 70663 62816 40430 39726 48167 
143 3
19 64 53127 
144 19
17698 11162 4881 86298 12452 16099 89314 4102 63639 78903 60433 52737 38635 59615 91784 46450 54942 48253 91093 
145 3
11 179 60163 
146 11
61346 30379 79103 69928 22148 78262 82289 76043 20938 92750 88601 
147 3
13 943 67877 
148 13
42042 34196 47298 52742 36552 11804 65769 20945 17935 67280 99556 1629 56128 
149 3
12 208 99776 
150 12
72551 22522 19632 43652 92243 28878 28823 80304 45665 43815 90752 65236 
151 3
17 572 1681 
152 17
67143 71229 19617 1634 46769 81635 99304 95928 91509 21821 54818 77142 42055 66622 36898 98446 7302 
153 3
16 270 53376 
154 16
56177 65743 94272 44790 3940 96432 45201 81909 11920 11143 70261 79616 95141 73982 26220 69743 
155 3
15 359 78831 
156 15
43271 12249 53839 14333 53971 54051 6719 25401 17734 25169 20552 5862 51814 74517 7306 
157 3
13 59 7670 
158 13
15601 68010 81522 75224 95827 20294 9743 17409 34003 40712 3069 92238 5547 
159 3
17 636 69692 
160 17
22662 17457 96007 67483 96285 94117 81956 92650 5458 46553 37356 37071 13772 80494 46439 95825 12030 
161 3
12 22 77346 
162 12
83633 50891 13133 46586 31915 62136 40496 36541 10508 44840 50496 84897 
163 3
18 943 95411 
164 18
35441 58931 80234 21704 29937 13415 56986 5893 75523 63147 19844 48471 14052 22224 31572 7065 99404 48886 
165 3
15 92 85086 
166 15
13463 68141 80483 73003 43912 96069 20825 65409 85294 72666 41578 17989 28287 83179 31628 
167 3
14 995 32822 
168 14
37438 37440 90543 18348 71298 90880 18411 82737 41018 90842 58794 33692 45810 82077 
169 3
16 716 52643 
170 16
86169 92115 70641 53643 89512 83166 53981 94608 64587 59997 88729 19037 6616 77360 31742 15863 
171 3
20 883 97929 
172 20
3767 25588 62817 36423 99786 92133 10795 72443 43935 47605 7957 42084 40976 49254 85049 96175 41539 62883 16121 7112 
173 3
17 214 4326 
174 17
50480 57561 98751 34907 85988 21592 27257 78681 25699 2467 71808 28830 44709 5534 50554 41079 98047 
175 3
20 57 24451 
176 20
26920 28074 15842 95943 16004 9925 71517 87879 96717 8235 16584 42841 92257 30039 83567 64710 85299 2478 83687 13921 
177 3
20 927 3323 
178 20
74429 82939 43448 5836 32438 75415 72941 19252 39105 18455 98228 70486 28626 88628 19047 66447 93351 44708 29904 72340 
179 3
18 696 55803 
180 18
74876 64411 23367 30424 20587 52541 84496 1478 9142 65404 40872 95653 47964 37417 37135 95721 72951 83735 
181 3
12 761 20727 
182 12
88836 45233 65828 94831 70086 23080 64959 38927 62289 4615 55882 71046 
183 3
10 21 71484 
184 10
20672 76538 33545 87154 37274 73669 42710 9131 57354 23932 
185 3
13 722 54759 
186 13
75406 65081 15573 27779 35757 4096 24351 28596 96941 75812 99230 66888 84902 
187 3
10 976 77132 
188 10
25513 50346 10541 77339 20853 87974 63335 30997 49421 55136 
189 3
16 673 5332 
190 16
39472 40182 73754 82406 19764 18287 7894 56045 28427 58970 33411 50831 8874 13609 60413 12691 
191 3
10 690 29131 
192 10
23281 98580 18674 47636 75670 64405 70781 28444 89929 17801 
193 3
17 892 69930 
194 17
51506 68520 47920 17919 38272 89792 82800 2920 66523 99357 245 7252 51358 23593 43486 58859 27478 
195 3
19 624 40294 
