39
418 200
90215 6919 88322 61183 28271 83533 1515 11105 27548 29336 65861 62766 34392 10652 37888 73171 50907 89401 27750 97440 17902 53822 39268 46430 18726 6468 76048 45572 537 60765 35961 57549 35341 88707 15250 58427 62736 97973 21581 69114 57464 86628 52407 6062 90316 78706 72439 24391 82748 15462 54047 33792 86039 39898 1982 28334 80907 26356 87567 1704 26823 59974 76136 60784 17958 24023 37406 26039 66917 27859 46989 16005 96383 4960 62621 34092 46455 12860 29719 2033 7044 72707 41388 94654 99646 18304 68385 95098 11632 54664 14841 85490 23520 67016 93257 55420 90064 94450 15403 16582 23085 33399 34750 79225 88360 3793 2522 66497 66955 98694 49910 35186 90828 66901 41190 73124 35974 35540 23596 72589 97036 19781 82309 45016 23447 49289 85534 34567 3535 50458 84348 31004 13171 80862 25801 23623 22369 13725 6881 24590 87358 55017 49911 88365 20592 57764 9635 17809 73063 26445 2984 56903 99000 76353 37415 64592 35669 25406 16805 38688 21804 10127 40398 62980 95476 3850 47771 10035 21973 6950 81244 58060 873 69464 22692 19917 25413 65089 7391 34543 29379 37932 24726 74594 76166 21809 36463 48092 86116 796 73055 26819 1816 35448 10529 331 29131 25793 64404 5703 
262 190
15059 18805 31975 6676 94040 84195 24081 18092 57330 97670 30005 17590 93606 95240 36135 88084 80734 2714 23847 96455 95863 98519 61069 11070 56988 54318 47423 66989 67513 10415 97891 14777 73728 44121 53597 6880 43037 64891 16832 43662 4422 73565 38442 68064 73200 89319 37031 64929 71742 67883 52231 27765 82309 5468 96470 70694 34051 45711 71637 14133 91823 40251 36789 73540 10225 74752 92423 18006 41902 2599 29909 53850 17707 24691 74839 48366 84434 23171 91023 90827 12285 29321 46018 21283 21032 18870 32510 44586 6761 12185 6004 97248 45678 97313 45806 19107 98263 46933 69046 40236 98725 99409 87168 57629 88912 65475 87800 84351 59778 60587 75066 51124 69786 17923 10914 74872 81866 37212 34536 72447 15048 90726 98923 1144 77399 77928 28041 736 61834 12909 48484 82440 27753 46041 59115 52930 69342 93431 86422 34416 19177 98171 86747 68770 17199 17050 69771 36550 87769 264 5211 43701 75573 42579 72376 860 69396 2257 31271 64912 95134 83765 42355 29939 11368 4451 1876 81393 97785 89795 56971 83754 45261 64758 2736 23109 1542 83534 70920 76206 12044 62481 13788 40053 65818 72426 7742 28531 32274 63775 
596 180
36471 16771 21524 90556 98806 18696 44038 27583 43593 64568 9146 79621 57211 82227 4718 81100 91767 40529 10187 88288 31914 22798 34200 30794 78098 21077 70280 38837 28468 51592 3949 86889 57023 33866 52028 45674 35453 70391 80263 45383 87226 8923 38939 16657 77298 11176 39854 30653 96019 74537 58376 52849 26646 89235 6988 37535 55681 34356 98940 99151 17687 33519 62671 42549 4127 27507 10606 92347 46959 4563 24971 70010 80711 7533 51566 62050 30878 99838 9113 81152 51929 33902 21886 19309 76365 16481 29892 2655 52992 77466 94237 61886 82075 4445 3852 24545 94951 5306 62187 86528 68722 16141 47147 48375 44801 98016 80744 1915 69352 30614 35875 77 45909 7814 59095 39175 97945 88531 39632 97775 9407 94884 65301 87865 35349 90320 45457 6417 67369 36184 27172 86832 29424 49460 35885 52465 71506 66533 83282 27701 7191 9183 68353 50500 83086 46724 80384 42399 8883 70704 83672 61396 2963 27567 66771 99311 76882 27272 71121 36151 85703 36308 65277 6672 65615 87697 96151 47960 42435 83524 97777 69967 71382 74446 86072 58171 93535 36866 10091 55497 
538 177
35658 43805 8491 467 19079 12559 76352 35655 52910 76218 14926 23902 22580 68442 12551 20501 76126 49830 17104 54785 19931 68555 39097 406 36261 59196 66495 97813 62200 93672 58748 26287 48022 44610 92675 70226 31250 84652 64702 45174 33249 16483 91786 60447 24122 9942 73704 46609 83915 97286 73018 57634 86152 2433 61032 1632 16654 72618 79928 10771 36487 30503 68754 96336 90066 26088 97468 65417 74923 66349 43734 6584 16628 19453 2993 26678 99057 9795 8126 67248 82939 43472 32813 56591 49269 56904 78576 38939 2720 92606 2123 56909 60550 2915 44080 32466 24337 13160 37137 48405 96528 62169 60526 90893 23170 63033 90699 72198 45727 68270 27468 20076 96330 72965 23094 6297 85705 55705 47330 81830 6806 38873 1844 98139 28670 67459 35651 57932 28554 27169 66219 64919 98068 88298 76693 23365 83810 12206 66345 59909 24297 20024 86679 16974 6685 74659 98497 22050 72952 24994 27102 39738 37513 69953 20493 68691 46240 67539 91172 99817 82529 79052 29899 22203 60881 95652 78603 87482 77114 30260 61533 71631 5087 30757 1225 21883 32046 
16 171
85895 26497 6623 74953 29490 67613 53787 42840 92496 89652 14730 80775 15733 39110 39985 49982 95252 74641 68750 80252 64379 13426 22376 38734 64116 11758 17075 19376 94766 2610 61122 42405 51734 97628 58019 49411 91321 55655 49500 16499 62277 41706 35389 52117 78792 41030 55293 62646 54096 70032 89564 3375 709 92113 46463 65763 93622 99398 9994 48501 1653 85061 14200 29371 53897 468 70398 85631 82245 66530 27758 45907 22909 41366 43127 22369 7121 76938 12377 88061 9026 32051 4709 65154 88918 66053 80723 38141 10381 38763 44366 15084 80872 51361 61916 65513 99072 15805 62642 43369 26738 68838 97881 90927 30258 62654 59390 37185 1565 98177 9586 14169 78009 60204 64486 40469 91421 19839 12540 61366 44877 33381 38958 32020 78397 59061 55256 77368 63636 73147 36247 87773 84476 52674 69739 95795 50248 29580 80050 28883 58664 55297 29176 40219 86316 48218 86307 77203 74300 94549 2827 35356 89201 3693 17881 74229 84782 11621 66794 84981 64478 5789 99379 94850 23393 84940 30093 46220 53790 55920 30220 
786 162
29254 37981 19126 81193 78022 89796 74116 78665 30587 99553 60369 77018 82923 2551 57023 24479 73411 95623 58788 33670 8174 23963 9986 78399 77832 53014 4133 57883 66048 97372 29206 88782 57510 22720 36687 77807 34284 13875 81700 55670 69314 97872 92875 61850 62714 84046 47369 92532 55127 1434 5264 27807 59695 25071 82 42277 82106 5212 95832 26823 52081 1890 13608 57972 23997 46420 10428 63867 5614 32264 24148 52234 91166 70613 94558 66783 97135 56791 96408 83010 61355 25416 84853 4007 66822 3869 65628 72921 96283 49661 20851 76249 91991 27529 68343 51585 51576 62884 4950 67654 33257 83829 57511 45630 48417 13607 49191 25970 73225 96073 98600 60384 66699 68932 84614 16975 76193 37236 66747 17653 46945 51224 42209 44583 94288 2699 12402 64763 14892 88322 46753 13171 33819 99217 41310 82117 58972 49557 48021 65012 89367 55222 17001 96170 4460 42364 50940 28292 55356 42132 56943 34290 40417 77916 37110 6442 39018 21725 23236 55053 53112 52446 
144 155
70146 93313 90228 96468 18607 1094 30067 80390 46327 57688 96408 17692 81229 18352 32397 46487 42224 99588 72863 58446 49620 31917 28620 62846 4137 75205 65952 40915 42284 64125 66584 77403 30066 26079 41909 51029 49625 81955 66998 71012 51507 57828 74087 94182 13485 22368 18138 99931 75094 19357 88477 8853 96606 21307 67528 4319 44922 6208 11252 52548 2142 62693 73734 99800 78435 46851 58960 88249 97027 98469 28379 2878 11749 23918 92274 75955 18175 17667 81122 54530 19530 64974 11848 88723 96374 27191 73883 69899 38796 359 58208 90719 27079 92321 96488 74597 20895 88103 95105 59651 77867 48622 15093 36797 53991 90902 60056 25094 31060 18347 5200 98178 47471 44493 35008 5286 37881 38421 31082 23987 78626 74726 72910 57088 48635 87494 58317 82268 48847 63816 27465 12386 58541 10077 44409 70167 87158 6318 94525 3042 556 73464 10276 79589 7408 34879 74184 7022 68490 13492 9331 9973 54610 53779 27175 
146 150
19320 77227 94527 88483 62184 80849 7293 16866 51578 66748 66942 51539 97140 97413 50544 78603 89382 74230 83902 90215 33954 9764 31975 73289 11877 93839 70163 90193 5497 19487 31889 72393 6460 90062 39727 44409 40140 46744 96067 33546 12515 42746 69184 6017 22530 50210 1661 14116 15985 76295 19657 32524 61320 22598 97268 17500 57889 1373 43489 25345 19886 47144 23140 23246 1752 64808 86707 76660 27492 44328 27038 36614 10326 94750 99783 23521 38305 73754 55345 99478 34430 35898 27524 52768 69051 21274 2032 92349 21020 47163 45734 18591 88829 62625 79292 87730 48767 28186 85069 8304 90877 8294 34889 63793 67609 72417 82266 85023 85904 12341 16066 77155 48914 38888 68452 53354 28247 69614 82133 72805 78097 38311 4606 51524 68417 68745 25894 42927 94451 99254 41260 5155 92834 57881 47206 33826 20927 45174 10835 35659 45577 83485 60134 41756 88998 88976 71218 37287 60071 50059 
798 146
27146 79961 83779 42785 49639 20294 73308 3178 77426 42458 9931 74547 75916 23617 61358 85668 16204 54308 9006 64296 58978 55428 83446 59608 62474 63386 56152 56360 89226 45751 9190 29390 84370 73685 55823 44456 37607 75744 41960 40835 14981 75281 14996 66385 72736 15798 10121 44407 53682 2708 93960 11425 76907 63864 81381 75965 85991 55147 11046 59592 11101 42158 51486 11562 19255 19760 22878 83742 28013 1752 12194 96523 49582 3212 42247 70428 63254 95626 90690 79555 6293 46703 97790 59459 21717 82617 54395 27979 70408 30021 28732 82951 40410 26057 11914 49123 2074 95533 74421 44488 22516 59061 98453 98903 72584 67233 96893 96479 7494 1834 91770 43506 16762 10153 26544 57739 53672 53726 82583 53332 24958 9529 74151 10296 56818 23813 78536 58947 20823 76415 7415 3297 51717 52742 82326 53817 55178 2572 45637 80257 32663 55168 40976 91579 89835 37542 
558 145
63846 37958 6975 31293 78474 81798 139 306 83573 44359 14570 16438 37474 53629 42801 26517 81177 14905 92510 7974 79709 57924 33754 51778 28829 79806 73514 82354 80959 95727 18223 23732 8736 72479 44417 78901 88036 76464 75424 35798 69573 57186 51277 74847 36482 77238 67413 89606 594 20572 62425 64774 98149 49703 78696 61782 89693 94267 21806 69568 6158 95164 35815 54584 37016 23935 90162 81506 55386 18821 41569 29037 77940 15110 24216 51208 51077 50275 17986 73839 55180 87709 11016 41894 44498 44958 58641 42607 10591 58108 37077 74798 56729 46231 76298 5730 55403 6661 57324 92038 21647 90584 42794 14588 30266 98321 55114 71995 96962 4304 57598 98046 31941 30696 78668 85711 82142 66532 59448 68807 15223 62817 88306 40200 26675 28028 49611 60915 21848 65818 20038 87428 31570 83155 62892 90040 23284 71501 21168 86392 29883 19763 43914 14647 78911 
576 139
79584 42696 85795 5135 81991 67319 93982 18867 99822 24859 81907 31836 97153 38427 34468 24087 57583 52432 25483 64295 96157 94198 62036 71015 39612 51584 40144 19095 17341 88137 46185 64952 21435 42742 13228 15055 52998 13892 98274 30806 53180 14002 27726 18274 79811 27030 4974 3295 30675 6931 2541 26987 22836 12682 90579 55889 48656 90334 64656 42937 74016 7566 52902 23922 62127 3580 66014 16766 56301 69742 48088 41773 99362 30064 67333 3039 54393 41400 72367 15566 24982 9009 79331 89118 27690 49691 31999 98839 94889 10840 93031 2252 59887 71948 20000 37499 9907 59418 71543 83036 58251 20590 32156 51065 20517 36153 84597 2427 28331 45591 32398 72477 37124 83891 59988 93480 97353 40089 91998 69144 43017 68505 855 84211 4080 32258 60945 31020 61869 672 92026 53038 27917 24126 67853 53704 86840 43405 98563 
258 131
47876 14363 57213 34630 14928 65585 29182 60835 23947 15673 87210 13190 55726 15581 11110 26620 32556 41974 34344 88170 5359 93329 50626 39484 82734 67053 79236 98143 42534 9999 74498 23496 19568 25346 93090 67293 27301 71960 95186 28135 42983 36449 10170 43921 83815 84123 13818 14017 13550 40013 87103 10588 44789 20448 46647 53268 96442 46558 14067 5335 23622 75409 61661 53908 71897 17981 22345 36298 65737 31644 44516 63844 66086 21987 58096 56260 47421 18636 32411 1832 23023 86632 5268 59324 38224 75534 92798 58192 31942 52113 32971 95516 96117 69200 71605 83738 90098 36134 2802 41782 81530 98639 15090 26496 24385 79542 92929 68202 73126 48857 52719 95022 35440 70021 27005 25324 17746 57762 97822 79200 57590 3262 24703 32589 70973 82732 88926 22160 32739 1986 89710 
392 128
92616 94734 34321 54322 75599 57703 13111 45824 29727 96362 37561 19807 87883 85129 2299 52183 64429 11471 84886 94184 80395 83185 38585 27466 72632 52012 78489 69179 7012 43543 61532 85808 69701 66315 6120 71892 41485 87148 58157 92287 41214 64846 72913 91531 74381 63789 10880 63223 52171 6609 65856 37657 71412 87803 44596 7218 2235 78223 41595 13736 30904 11274 34049 59123 13948 97199 6925 65360 43217 19880 19892 53245 2750 33395 97737 89261 34013 12408 57791 77380 27397 51454 65612 79443 9225 81402 65708 69789 23986 72819 73178 59631 26060 1479 34884 34089 2449 16579 24062 25790 59724 61408 89730 88546 49234 58283 14843 99220 2280 51149 89097 86044 99013 69815 93176 55800 77849 49059 61568 23177 82291 95229 88891 86508 12545 12200 36385 64864 
364 123
3633 47556 86526 81576 79892 72947 86815 61404 80929 86466 53835 30085 78407 17450 49181 78060 16965 3243 91277 65749 94579 99504 64838 16248 57666 82022 81076 19239 90892 86548 47526 9518 2533 41542 24395 73503 26514 30127 64234 65939 60706 76243 28527 86855 91506 60143 68218 53515 64188 52834 91979 4743 10223 34495 22553 19884 43202 2716 45969 66852 76185 58166 74565 14734 8596 20343 67822 28270 81356 41988 42982 22137 44034 1798 14908 83088 54362 73610 75499 40475 13668 81452 30782 43478 53624 30412 97614 65104 83801 73395 65434 97057 6446 26554 74301 92485 72665 40158 84750 18811 87782 52118 414 27311 40362 47623 47452 57886 35264 68195 80462 60389 55555 32333 23424 7863 12201 26677 61449 45422 76507 21138 69678 
314 116
63786 48422 32286 67784 61612 76728 94779 63991 87875 87312 53968 35971 65108 14350 56005 13242 62650 82369 97833 59117 94110 79381 99578 33693 44165 23953 27630 19093 25346 38904 64607 90454 81009 29879 24960 4389 83594 77801 12104 81478 56489 67110 27415 44571 10461 66630 65720 37513 88803 11241 84686 68342 87235 21574 15044 8659 57689 9598 34688 20255 42860 18404 74432 33410 12194 50472 81876 71346 44691 37104 81281 96669 86051 2260 96925 99604 29711 66420 35256 68076 88220 99104 96013 95019 51633 59745 29509 73958 42080 20070 72721 42485 93543 94503 57161 41792 40268 59273 34930 69991 86135 50249 51879 28021 43545 44404 74293 71904 69362 78248 27481 35012 96099 58799 76857 97574 
920 113
1258 97527 69422 96464 55374 24943 21067 62283 89878 72018 49704 58405 54724 97128 30868 85291 60542 83448 69780 15907 55131 60756 88478 43972 59929 16694 12970 56426 96644 16509 38454 52221 98776 22309 78206 22162 40058 31321 39773 51691 8890 90543 21888 83860 20559 26464 66070 95280 77387 22468 86608 13115 76454 54500 41222 48351 487 83997 39233 72213 74697 89542 10699 52625 73498 33630 20814 18925 28329 7921 50806 9285 2472 35055 90705 39717 7901 23367 98160 61187 72605 56411 97439 99075 26803 84208 12104 94298 58223 4043 21076 96521 97217 50493 15497 78826 61144 22987 54981 46601 19280 61303 13294 85614 57992 40998 30004 55416 4889 62333 16566 96162 44832 
594 111
69689 74651 88284 53379 18752 87502 27268 77360 5742 53435 39839 61324 32220 26073 68319 62827 55199 28296 68437 51683 29280 63917 89961 2407 89448 18912 99981 60354 31310 678 23678 17590 61557 99523 93188 65239 39794 69065 3029 79030 3772 66873 89860 50220 55561 92962 73450 90235 84849 63139 87704 89075 86787 41071 54688 81280 56696 76345 5891 42448 12738 32120 62603 4466 23048 76793 68367 84414 80545 67160 90380 25385 43222 14940 71429 32750 84804 89944 25708 837 88591 39190 31175 73226 91283 62660 22478 93947 12469 79226 95600 36499 3055 21588 81095 42119 75819 13711 36259 6101 50540 35748 81901 93965 7146 60449 38167 72841 24792 31847 58638 
864 110
47676 66792 99089 92818 98027 49074 92945 48498 5539 29112 74217 27783 52850 66178 47858 49872 42754 13217 53755 91039 43743 26058 87227 36252 31316 36312 76535 80093 98338 81372 57885 52849 25724 79392 31001 15415 28252 99773 47737 46075 71341 52497 477 12987 5191 94225 48927 93380 40832 61416 27748 65382 14321 71671 18591 20186 45446 19912 39580 33774 46046 61638 17793 38021 14685 36135 10907 93688 44784 76477 18023 59814 46618 51951 70076 60327 49059 35290 51158 89257 64506 56477 47368 14900 66529 39179 56858 10412 51570 80708 76986 32423 49285 71947 36168 95679 95377 8064 99762 69131 78763 72261 73613 18439 88300 60154 74930 11289 11603 88993 
718 102
22764 7695 19513 65545 81260 61816 73233 39014 40728 24575 9028 70733 57792 47814 34661 53800 48454 97614 34912 47762 72458 62197 57237 51526 11604 98065 73339 77211 93632 83624 46276 56598 85605 67391 56588 47231 70209 23416 17161 33535 87462 65851 28342 16206 80375 69713 73115 59085 77459 74983 65060 89434 63271 36272 1011 40003 27387 80034 97778 72933 25454 38353 27373 95833 31 76726 50917 39363 62261 48814 71291 23739 71638 93109 10287 38899 55613 59144 94183 54182 89752 89909 14139 69787 13152 47483 6612 4546 63529 53691 94945 48985 69036 24385 52423 4058 68060 82037 27055 41322 88751 39980 
806 99
89638 38513 41974 93876 39121 5631 69240 39117 35759 18974 8002 38546 59934 81042 38162 50399 26151 97639 99095 33873 55473 21630 28881 95082 93130 14485 83150 55702 18683 82535 21327 35817 12566 80601 767 74805 49566 79375 92749 39846 99819 87642 70570 73594 85115 24887 35137 57559 87017 9006 22026 29116 49280 19933 97658 72804 18578 3068 37818 39721 8374 21431 92507 90806 69789 50994 5463 87580 33352 57868 19946 83558 65202 2284 94050 99092 11023 77316 79262 27211 15540 30881 30522 59697 1335 48018 24825 33431 19078 97757 41916 49571 37619 14609 13892 90385 44230 84206 74043 
858 91
37953 86013 50197 52309 69532 93001 25402 8608 62705 25754 54036 18798 67637 93352 54194 59661 95493 64212 69158 38298 71942 33376 94665 25541 28895 33185 25440 11672 77686 54841 64486 69320 75721 89509 63323 84957 73362 37498 58008 4615 86515 27057 52840 6944 47571 10419 60060 83504 76876 13540 37780 21789 43443 66073 96914 1038 71365 20814 37428 39526 10475 59861 22154 49275 38092 60919 80872 47252 33336 69494 60433 7153 81225 92809 31459 80704 4123 2563 83610 52246 69129 88650 3757 57683 17746 8794 34909 61354 51770 98104 63279 
1 3
275 8 1 
3 3
42 5 2 
5 3
978 6 1 
7 3
743 1 1 
9 3
410 10 1 
11 3
526 8 1 
13 3
176 3 1 
15 3
996 8 1 
17 3
121 4 1 
19 3
647 8 2 
21 3
603 5 1 
26 2
27540 35977 
23 3
478 9 1 
288 2
2159 86252 
25 3
2 5 2 
27 3
835 3 2 
29 3
52 4 1 
31 1
474 
